convert.exe: UnableToOpenConfigureFile `colors.xml' @ warning/configure.c/GetConfigureOptions/712.
    182867: ( 30, 27, 20,255) #1E1B14FF srgba(30,27,20,1)
     91341: (203,110, 24,255) #CB6E18FF srgba(203,110,24,1)
     65168: (223,159, 25,255) #DF9F19FF srgba(223,159,25,1)
     56637: (178,145, 35,255) #B29123FF srgba(178,145,35,1)
     42442: ( 97, 93, 79,255) #615D4FFF srgba(97,93,79,1)
     30159: (137, 72, 30,255) #89481EFF srgba(137,72,30,1)
     27523: (100, 78, 28,255) #644E1CFF srgba(100,78,28,1)
     26999: (226,196, 54,255) #E2C436FF srgba(226,196,54,1)
     23567: ( 73, 58, 24,255) #493A18FF srgba(73,58,24,1)
     17888: (216,179, 92,255) #D8B35CFF srgba(216,179,92,1)
     16953: (164, 99, 24,255) #A46318FF srgba(164,99,24,1)
      8280: (209,195,151,255) #D1C397FF srgba(209,195,151,1)
